RANK                0                                                                      1                                                                      2                                         3                                         4                                         5                                         6                                         7                                         8
exploi/b=False     69                                                                     23                                                                      6                                         3                                                                                                                                                                                                                  
explore/b=False    57                                                                     20                                                                     11                                         6                                                                                   6                                                                                                                              
explore/b=True     74                                                                     17                                                                      6                                         3                                                                                                                                                                                                                  
dumb               63                                                                     20                                                                     17                                                                                                                                                                                                                                                            
asIs                3                                                                     29                                                                     17                                        14                                         9                                        20                                         3                                         3                                         3
exploi/b=True      94                                                                      3                                                                                                                                                          3                                                                                                                                                                        
#
#EVALS
RANK                      0                                                                      1                                                                      2                                         3                                         4                                         5                                         6                                         7                                         8
exploi/b=False     26 (  4)                                                               33 (  0)                                                               45 (  0)                                  50 (  0)                                   0 (  0)                                   0 (  0)                                   0 (  0)                                   0 (  0)                                   0 (  0)
explore/b=False    25 (  8)                                                               31 (  0)                                                               35 (  0)                                  35 (  0)                                   0 (  0)                                  30 (  0)                                   0 (  0)                                   0 (  0)                                   0 (  0)
explore/b=True     28 (  4)                                                               33 (  0)                                                               35 (  0)                                  20 (  0)                                   0 (  0)                                   0 (  0)                                   0 (  0)                                   0 (  0)                                   0 (  0)
dumb               29 ( 12)                                                               33 (  0)                                                               33 (  0)                                   0 (  0)                                   0 (  0)                                   0 (  0)                                   0 (  0)                                   0 (  0)                                   0 (  0)
asIs              3840 (  0)                                                             1889 (1423)                                                            3023 (  0)                                2700 (  0)                                494 (  0)                                 30230 (  0)                               196 (  0)                                 2880 (  0)                                756 (  0)
exploi/b=True      29 (  8)                                                               20 (  0)                                                                0 (  0)                                   0 (  0)                                  20 (  0)                                   0 (  0)                                   0 (  0)                                   0 (  0)                                   0 (  0)
#
#DELTAS
RANK                      0                                                                      1                                                                      2                                         3                                         4                                         5                                         6                                         7                                         8
exploi/b=False    -8708333333333332321954747645952 (12499999999999998418970461863936)    -20624999999999996715761317969920 (  0)                                -39500000000000005992729750274048 (  0)   -25999999999999999954050292383744 (  0)     0 (  0)                                   0 (  0)                                   0 (  0)                                   0 (  0)                                   0 (  0)
explore/b=False   -7849999999999999916840574779392 (11718749999999997110409924444160)    -24999999999999996837940923727872 (  0)                                -32499999999999997690763051794432 (  0)   -17499999999999998236918609346560 (  0)     0 (  0)                                 -39999999999999998543585179860992 (  0)     0 (  0)                                   0 (  0)                                   0 (  0)
explore/b=True    -7307692307692306386939686158336 (11718749999999997110409924444160)    -21499999999999999442357015543808 (  0)                                -42499999999999997326659346759680 (  0)   -58999999999999994699268401135616 (  0)     0 (  0)                                   0 (  0)                                   0 (  0)                                   0 (  0)                                   0 (  0)
dumb              -10136363636363635912683978489856 (19531249999999996685216416530432)   -17571428571428569566383590866944 (  0)                                -25999999999999995450450665013248 (  0)     0 (  0)                                   0 (  0)                                   0 (  0)                                   0 (  0)                                   0 (  0)                                   0 (  0)
asIs                0 (  0)                                                              -27500000000000000124614717997056 (17968749999999998571694969061376)   -49499999999999992117827163127808 (  0)   -61199999999999999753269161230336 (  0)   -60333333333333323180214971269120 (  0)   -55571428571428570884949288157184 (  0)   -73999999999999996404912657268736 (  0)   -74999999999999990513822771183616 (  0)   -50999999999999996791991216111616 (  0)
exploi/b=True     -10424242424242432365123919151104 (12499999999999998418970461863936)   -21999999999999996496812072501248 (  0)                                  0 (  0)                                   0 (  0)                                 -62999999999999998156506621018112 (  0)     0 (  0)                                   0 (  0)                                   0 (  0)                                   0 (  0)
